move count = 4
x0 = 400 y0 = 200
dir=5 vel=0.100000 dist=50 time=0 x=350 y=250
dir=2 vel=0.100000 dist=50 time=0 x=400 y=250
dir=2 vel=0.100000 dist=50 time=0 x=450 y=250
dir=7 vel=0.100000 dist=50 time=0 x=400 y=200
