move count = 5
x0 = 230 y0 = 70
dir=6 vel=0.070000 dist=200 time=0 x=30 y=70
dir=8 vel=0.070000 dist=0 time=1500 x=30 y=70
dir=2 vel=0.070000 dist=400 time=0 x=430 y=70
dir=8 vel=0.070000 dist=0 time=1500 x=430 y=70
dir=6 vel=0.070000 dist=200 time=0 x=230 y=70
