move count = 3
x0 = 550 y0 = 200
dir=5 vel=0.100000 dist=150 time=0 x=400 y=350
dir=5 vel=0.400000 dist=150 time=0 x=250 y=500
dir=1 vel=0.100000 dist=300 time=0 x=550 y=200
