move count = 6
x0 = 100 y0 = 400
dir=8 vel=0.000000 dist=0 time=3000 x=100 y=400
dir=2 vel=0.300000 dist=400 time=0 x=500 y=400
dir=7 vel=0.300000 dist=100 time=0 x=400 y=300
dir=5 vel=0.300000 dist=100 time=0 x=300 y=400
dir=7 vel=0.300000 dist=100 time=0 x=200 y=300
dir=5 vel=0.300000 dist=100 time=0 x=100 y=400
