move count = 6
x0 = 400 y0 = 400
dir=0 vel=0.200000 dist=150 time=0 x=400 y=250
dir=6 vel=0.200000 dist=300 time=0 x=100 y=250
dir=4 vel=0.200000 dist=150 time=0 x=100 y=400
dir=2 vel=0.200000 dist=150 time=0 x=250 y=400
dir=8 vel=0.000000 dist=0 time=3000 x=250 y=400
dir=2 vel=0.200000 dist=150 time=0 x=400 y=400
