move count = 6
x0 = 280 y0 = 170
dir=6 vel=0.400000 dist=80 time=0 x=200 y=170
dir=5 vel=0.400000 dist=80 time=0 x=120 y=250
dir=2 vel=0.400000 dist=80 time=0 x=200 y=250
dir=2 vel=0.400000 dist=80 time=0 x=280 y=250
dir=1 vel=0.400000 dist=80 time=0 x=360 y=170
dir=6 vel=0.400000 dist=80 time=0 x=280 y=170
