move count = 6
x0 = 280 y0 = 400
dir=8 vel=0.000000 dist=0 time=3000 x=280 y=400
dir=6 vel=0.300000 dist=200 time=0 x=80 y=400
dir=2 vel=0.300000 dist=200 time=0 x=280 y=400
dir=8 vel=0.000000 dist=0 time=2000 x=280 y=400
dir=2 vel=0.300000 dist=200 time=0 x=480 y=400
dir=6 vel=0.300000 dist=200 time=0 x=280 y=400
