move count = 3
x0 = 280 y0 = 400
dir=6 vel=0.300000 dist=250 time=0 x=30 y=400
dir=2 vel=0.300000 dist=540 time=0 x=570 y=400
dir=6 vel=0.300000 dist=250 time=0 x=320 y=400
