move count = 3
x0 = 280 y0 = 400
dir=7 vel=0.400000 dist=200 time=0 x=80 y=200
dir=2 vel=0.400000 dist=400 time=0 x=480 y=200
dir=5 vel=0.400000 dist=200 time=0 x=280 y=400
