move count = 4
x0 = 550 y0 = 400
dir=0 vel=0.200000 dist=230 time=0 x=550 y=170
dir=6 vel=0.200000 dist=500 time=0 x=50 y=170
dir=4 vel=0.200000 dist=230 time=0 x=50 y=400
dir=2 vel=0.200000 dist=500 time=0 x=550 y=400
