move count = 2
x0 = 50 y0 = 200
dir=3 vel=0.400000 dist=300 time=0 x=350 y=500
dir=7 vel=0.100000 dist=300 time=0 x=50 y=200
